"Anger", "Boredom" , "Disgust", "Fear", "Happiness", "Neutral", "Sadness", "True_Emotions
0.211175, 0.041443, 0.148058, 0.422159, 0.104423, 0.036632, 0.036109, 1
0.020104, 0.548347, 0.077597, 0.052611, 0.021974, 0.125560, 0.153808, 2
0.059744, 0.265424, 0.545860, 0.055286, 0.020775, 0.027767, 0.025143, 3
0.023564, 0.122298, 0.285796, 0.352718, 0.057432, 0.028370, 0.129821, 4
0.051840, 0.023603, 0.750131, 0.112307, 0.030959, 0.004378, 0.026782, 5
0.019291, 0.410366, 0.186265, 0.198163, 0.030335, 0.115977, 0.039604, 6
0.046502, 0.191134, 0.171064, 0.367989, 0.085326, 0.096082, 0.041903, 7
0.103964, 0.062964, 0.165786, 0.466976, 0.116519, 0.030564, 0.053228, 1
0.018579, 0.436731, 0.098810, 0.222903, 0.026050, 0.069204, 0.127724, 2
0.024120, 0.519466, 0.126004, 0.063123, 0.023555, 0.099943, 0.143788, 3
0.035815, 0.152603, 0.104437, 0.478195, 0.073524, 0.057414, 0.098011, 4
0.205676, 0.159664, 0.299606, 0.208205, 0.057500, 0.027634, 0.041715, 5
0.049232, 0.111505, 0.196186, 0.453245, 0.055587, 0.088956, 0.045288, 6
0.082529, 0.082634, 0.145921, 0.463133, 0.137121, 0.029009, 0.059654, 7
0.092796, 0.120489, 0.329372, 0.285387, 0.072789, 0.027991, 0.071176, 1
0.017137, 0.495017, 0.088555, 0.036225, 0.021821, 0.078349, 0.262896, 2
0.007817, 0.096078, 0.857813, 0.009014, 0.006820, 0.010215, 0.012244, 3
0.031693, 0.544576, 0.163524, 0.055604, 0.041192, 0.065878, 0.097534, 4
0.037354, 0.045532, 0.785467, 0.054882, 0.016157, 0.003205, 0.057403, 5
0.019133, 0.483721, 0.158615, 0.066389, 0.022609, 0.074899, 0.174635, 6
0.015954, 0.087516, 0.549296, 0.045846, 0.009499, 0.006859, 0.285029, 7
0.076795, 0.110325, 0.057989, 0.470249, 0.165210, 0.088006, 0.031426, 1
0.024911, 0.590644, 0.065856, 0.058089, 0.029333, 0.085478, 0.145688, 2
0.231898, 0.134589, 0.324135, 0.130911, 0.100766, 0.053540, 0.024161, 3
0.020209, 0.244754, 0.238593, 0.284686, 0.035643, 0.039048, 0.137066, 4
0.208084, 0.058689, 0.314424, 0.277446, 0.077976, 0.010870, 0.052512, 5
0.031169, 0.411714, 0.183987, 0.180093, 0.059915, 0.076611, 0.056511, 6
0.021120, 0.439983, 0.188245, 0.107829, 0.030141, 0.060702, 0.151979, 7
0.629383, 0.029718, 0.219794, 0.032575, 0.065041, 0.006607, 0.016881, 1
0.039297, 0.459724, 0.20433,  0.051028, 0.037751, 0.068457, 0.139413, 2
0.001247, 0.000327, 0.99614,  0.000198, 0.00099,  0.000037, 0.00106,  3
0.352976, 0.009844, 0.415168, 0.047608, 0.1655047,0.005132, 0.0042245,4
0.45008,  0.025155, 0.059145, 0.076704, 0.363081, 0.009923, 0.015912, 5
0.184902, 0.148606, 0.414144, 0.068558, 0.093885, 0.07335,  0.016555, 6
0.000004, 0.000044, 0.000012, 0.000712, 0.000036, 0.000004, 0.999188, 7
0.447609, 0.068999, 0.247815, 0.05938,  0.148931, 0.015329, 0.011936, 1
0.017007, 0.533995, 0.050962, 0.065732, 0.019949, 0.186236, 0.126119, 2
0.00051,  0.001617, 0.993603, 0.000362, 0.003093, 0.00026,  0.000554, 3
0.009335, 0.257657, 0.124715, 0.237133, 0.052236, 0.306622, 0.012303, 4 
0.144989, 0.080547, 0.538042, 0.027902, 0.183553, 0.012065, 0.012903, 5
0.001143, 0.498302, 0.000397, 0.008502, 0.002013, 0.488884, 0.000759, 6
0.000004, 0.000005, 0.000007, 0.002401, 0.000131, 0.000008, 0.997443, 7
0.510951, 0.069382, 0.239976, 0.058183, 0.086421, 0.013216, 0.021872, 1
0.00016,  0.503102, 0.000059, 0.000185, 0.000028, 0.496462, 0.000005, 2
0.021973, 0.096995, 0.813083, 0.016241, 0.017357, 0.015287, 0.019064, 3
0.024435, 0.033894, 0.789241, 0.075978, 0.048904, 0.004947, 0.0226,   4
0.62891,  0.023761, 0.054528, 0.043586, 0.233501, 0.00631,  0.009403, 5
0.035624, 0.156807, 0.020217, 0.11198,  0.126296, 0.533019, 0.016058, 6
0.048601, 0.491743, 0.170513, 0.039254, 0.097764, 0.101464, 0.050661, 7
0.847581, 0.057867, 0.016816, 0.034558, 0.028954, 0.009289, 0.004935, 1
0.026271, 0.530834, 0.126598, 0.062846, 0.033197, 0.146139, 0.074115, 2
0.149018, 0.070278, 0.570751, 0.067574, 0.113287, 0.018879, 0.010212, 3
0.112355, 0.235575, 0.27104,  0.188866, 0.115609, 0.050449, 0.026108, 4
0.496722, 0.037543, 0.039468, 0.08615,  0.322977, 0.009013, 0.008128, 5
0.027969, 0.555223, 0.129528, 0.059351, 0.033368, 0.093001, 0.10156,  6
0.04678,  0.53025,  0.136171, 0.039769, 0.092971, 0.112104, 0.041955, 7